site	keelres	finres	pectres
1700	-0.202924565	0.715074729	NA
1700	-0.978883103	-1.446176744	NA
1700	-0.596745936	-1.855828751	NA
1700	-0.19124036	0.695630215	NA
1700	-0.220991555	-0.515396706	NA
1700	-0.901313723	-0.593651467	NA
1700	-0.937712442	-1.190593034	NA
1700	-0.897887883	-0.19028443	NA
1700	-0.463100006	-0.184616668	NA
1700	0.202112117	-0.29028443	NA
1700	0.22682663	-1.97389835	NA
1700	-0.215954873	0.279244135	0.621863475
1700	-0.298560935	-0.167921984	-0.254605713
1700	-0.49124036	-0.204369785	0.033396278
1700	-0.092851201	-1.295643589	2.259738235
1700	0.024542737	0.357190292	0.543269048
1700	-0.303597616	-0.762562825	1.065129876
1700	-0.546848015	1.333761535	1.591197472
1700	-0.052353591	-1.517697432	1.721143808
1700	-0.24731691	-1.323056591	2.026408219
1700	-0.558063325	-0.189975826	1.49179986
1000	0.368935082	-0.304678388	-0.463929758
1000	-0.032206865	0.160865933	-0.142798548
1000	0.094791542	0.646163371	-0.308528166
1000	-0.291709255	-0.66118791	0.943607025
1000	-0.695135095	-0.064554947	0.397000656
1000	0.072829817	0.455506774	0.817465863
1000	0.217222162	-0.406361907	1.310267058
1000	-0.191709255	-0.66118791	0.593607025
1000	-0.352353591	-1.617697432	0.681143808
1000	-0.356921378	-0.855520147	-0.16433135
1000	0.217222162	0.193638093	-0.689732942
1000	0.562756454	-0.933774908	0.931937041
1000	0.022258844	0.588278934	-0.519468531
1000	0.311043534	-1.435458427	0.641133857
1000	-0.209776245	-1.391659345	-0.099003324
1000	0.222258844	-0.911721066	-0.684468531
1000	-0.290098413	0.030085894	0.027265067
900	-0.6068193	0.854889567	-0.032186208
900	-0.220991555	-0.415396706	0.596599064
900	-0.274315316	-1.808354029	0.957137837
900	0.331863312	-0.379257509	-0.013728962
900	0.176724552	-0.684308064	-0.311138515
900	-0.083919785	-1.340817586	0.081398268
900	-0.483919785	-0.540817586	-0.168601732
900	0.264367295	0.557498896	-0.039404917
900	-0.482573682	-1.685542478	1.264557342
700	-0.163568901	-1.641434793	-0.813253804
700	-0.168136688	-0.479257509	-0.703728962
700	-0.277068105	0.165916488	0.114611006
700	-0.344564121	0.602672893	0.148935051
700	-0.539996335	-0.859504392	-0.505589791
700	-0.245706068	-0.131782786	-0.419933739
700	-0.699498725	0.518441766	0.135815782
700	-1.228107973	0.241870523	1.257887358
700	-0.347989961	-0.300694144	0.602328682
700	-0.712529033	-1.017388828	0.343469844
700	0.14146778	0.453206048	-0.352989393
700	-0.366525846	0.012016296	-0.30507092
700	-0.215954873	0.179244135	-0.078136525
700	-0.217565715	-0.412029669	-0.121794567
700	-0.097887883	-1.09028443	0.639473824
700	-0.298560935	0.532078016	0.085394287
700	-0.035632705	-0.842501104	-0.024404917
700	0.094791542	-0.953836629	-0.643528166
700	-0.451211645	-1.483241753	1.160012598
700	-0.612529033	-0.817388828	0.273469844
700	-0.175457263	-0.842809708	0.433269048
700	0.085860125	-0.908662632	0.099811802
700	-0.365179743	-0.632708597	1.543088154
700	0.085860125	-1.708662632	0.044811802
700	0.381292339	0.153514652	-0.320663357
600	-0.577741156	-0.111721066	0.160531469
600	-0.43952744	-1.002686266	0.624199462
600	-0.685530626	-1.33209139	0.182740226
600	0.214938269	0.024726735	-0.112470522
600	-0.234490758	1.391954575	-1.110536127
600	0.098686277	-1.193651467	-0.317132544
600	-0.403597616	-0.362562825	-0.479870124
600	-0.4653839	0.346471975	0.77379787
600	-0.685061731	0.224726735	0.377529478
600	0.017222162	-0.106361907	-0.669732942
600	0.079008445	0.484603294	-0.318400936
600	0.027295525	-0.417080224	0.31579588
600	-0.15416859	1.170209336	0.368195482
600	-0.087141468	-1.823365194	0.514082183
600	0.243078622	-0.955520147	0.17066865
600	-0.047989961	0.599305856	0.002328682
600	-0.22488629	-1.175581868	0.320203443
600	-0.477068105	-1.334083512	0.769611006
600	0.555435879	-0.797327107	-0.181064949
600	-0.204739563	-0.597018504	0.071261087
600	0.519506055	-0.937450549	0.013004637
600	-0.198560935	-0.067921984	-0.554605713
600	-0.275457263	-0.242809708	0.138269048
600	0.14583141	-0.329790664	-0.106804518
600	0.043078622	0.144479853	-0.12433135
600	-0.160347218	0.141112816	-0.155937719
600	-0.128107973	-1.158129477	-0.172112642
500	-0.717565715	-0.612029669	0.183205433
500	-0.160347218	-0.658887184	0.494062281
500	0.033474154	-0.887983704	-0.81507092
500	-0.244564121	0.202672893	0.003935051
500	-0.071562528	-0.182624545	-0.105335331
500	-0.029454076	-0.813404584	0.854728284
500	-0.008634298	0.742796334	-0.920134535
500	-0.153026643	-0.595334985	0.192064271
500	-0.181635891	-1.271906228	-0.395864153
500	-0.45416859	0.170209336	-0.241804518
500	-0.164241953	0.380927654	0.427666659
500	0.007617694	-0.038825464	-0.200472512
500	-0.035632705	-0.242501104	-0.924404917
400	-0.008634298	0.842796334	NA
400	0.131863312	-0.179257509	NA
400	0.883107337	1.365607884	NA
400	-0.765852795	0.889653849	NA
400	-0.528781025	-2.43576703	NA
400	-0.175457263	-0.342809708	NA
400	-0.110714035	-2.605295595	NA
400	0.240794729	-0.624431505	NA
400	0.354293932	-1.431782786	NA
400	0.609901587	-1.069914106	NA
400	-0.135632705	1.057498896	-0.209404917
400	-0.05074275	0.973576373	-0.26019815
400	-0.371562528	0.817375455	0.139664669
400	-0.129454076	0.086595416	-0.140271716
400	-0.041811333	-0.471597624	-0.458538117
400	-0.68438868	0.302364289	0.546609015
400	-0.134490758	-0.208045425	-0.415536127
400	-0.994462043	-0.086917393	-0.123919807
400	-0.040669386	-0.137141945	0.425330672
400	0.276255657	-0.141126189	0.199072232
400	0.095260437	-0.597018504	-0.893738913
400	-0.575457263	-1.242809708	0.488269048
400	0.348115304	0.439120694	-0.469066939
400	0.08632902	0.248155493	-0.205398946
400	-0.12831213	-0.378948905	0.608597074
400	-0.492851201	0.304356411	0.759738235
400	-0.538854388	-0.325048713	0.738278999
400	-0.577741156	-0.211721066	-0.129468531
400	-0.514812926	0.413699814	-0.594267735
400	0.094322647	1.189345246	0.086682581
400	0.062756454	-0.333774908	-0.193062959
400	0.324542737	-0.142809708	-0.326730952
400	-0.45510638	-1.243426915	0.083616976
400	-0.441811333	-0.171597624	0.001461883
400	-0.625355185	-0.532399993	0.54041419
400	-0.977068105	0.065916488	0.139611006
400	-0.137243546	-0.533774908	-0.408062959
400	-0.419176557	-0.303303473	-0.055452609
300	0.068935082	-0.204678388	0.306070242
300	0.062756454	-1.633774908	-0.048062959
300	0.129579419	-0.048168867	0.458533459
300	0.146504462	-0.752153111	0.847275019
300	0.643078622	0.044479853	-0.15433135
300	0.40097017	1.275259891	-0.674394965
300	-0.337243546	0.066225092	0.191937041
300	-0.091709255	-0.96118791	0.513607025
300	-0.15074275	0.173576373	-0.25519815
300	0.309901587	-0.169914106	0.642265067
300	-0.272704475	0.682919776	0.04079588
300	-0.185061731	-0.175273265	-1.132470522
300	-0.129454076	0.486595416	-0.645271716
300	0.190223755	-0.191659345	0.090996676
300	-0.08438868	-1.097635711	1.111609015
300	-0.234959653	-1.26486355	-0.03032538
300	-0.443422175	-0.262871428	0.172803841
300	0.306006852	0.969900732	0.655869446
300	-0.137243546	0.066225092	-0.253062959
300	0.135289152	-0.575890472	-0.827122593
300	0.387470967	-0.917388828	-0.721530156
300	-0.001313723	-0.493651467	0.562867456
300	0.07168787	-0.178948905	0.333597074
300	0.422258844	-0.411721066	-0.239468531
300	-0.353026643	0.104665015	0.132064271
300	1.148788355	1.416758247	-1.809987402
300	-0.531064918	-1.204678388	0.891070242
300	-0.536570495	-1.656137355	-0.048983422
300	0.766651189	-0.073589746	0.323332663
300	0.273502869	-0.166855672	0.0115454
300	-0.28438868	0.202364289	0.381609015
300	-0.690098413	0.930085894	-0.012734933
300	-0.691709255	-0.16118791	0.148607025
300	0.30875964	-0.704369785	0.028396278
200	-0.071562528	-0.882624545	-0.000335331
200	0.114938269	-1.175273265	-0.022470522
200	-0.200171776	-0.259195788	-0.353263755
200	0.192507649	0.377252013	-0.706265745
200	-0.171562528	-0.182624545	0.024664669
200	0.08290318	-0.255211544	-0.102005315
200	0.50097017	-0.524740109	-0.579394965
200	-0.038385493	0.631769413	0.068068252
200	0.245213548	-0.432700316	0.229782161
200	-0.112529033	0.082611172	0.083469844
200	0.861614507	-0.068230587	-0.246931748
200	0.199828224	-0.559195788	NA
200	0.060003665	0.440495608	0.124410209
200	0.021116897	-0.346176744	0.291662679
200	0.484045127	0.279244135	0.031863475
200	-0.088956466	0.664541573	-1.078866143
200	-0.009776245	0.008340655	0.215996676
200	0.048115304	0.539120694	0.160933061
200	-0.223275448	-0.784308064	0.203861485
200	-0.114812926	-0.886300186	0.685732265
200	0.233474154	0.412016296	-0.17507092
200	0.302581012	0.866533695	-0.570736923
200	0.2638984	-0.099319229	0.615805831
200	-0.05416859	-1.529790664	0.233195482
200	-0.022133501	0.450147615	-1.252269726
100	0.825684684	0.791645971	-0.132862163
100	-0.000171776	0.040804212	3.286736245
100	0.043078622	-0.355520147	-0.04933135
100	0.113327427	-0.466547069	0.688871436
100	1.068935082	0.495321612	0.066070242
100	0.084045127	-0.920755865	0.256863475
100	1.150399197	0.108032052	0.80867064
100	0.43804194	1.249839011	-0.054595761
100	0.330721365	0.186286812	0.037402248
100	0.398686277	-0.393651467	0.587867456
100	0.81218548	-0.601002748	NA
100	0.494791542	-0.553836629	0.406471834
100	0.7638984	0.400680771	-0.339194169
100	0.451541144	-1.757512269	0.38753943
100	0.180150392	0.219058973	0.755467854
100	0.067793135	0.160865933	0.752201452
100	-0.144564121	0.602672893	-0.106064949
100	-0.268136688	0.520742491	NA
100	0.072829817	0.655506774	-0.387534137
100	0.76047256	0.497313734	-0.060800538
100	0.566651189	0.726410254	0.803332663
100	0.476255657	-0.041126189	0.304072232
100	0.206006852	-0.630099268	0.710869446
100	0.480150392	0.119058973	0.225467854
100	0.703254064	0.344171249	-0.086657386
100	0.391365702	1.242796334	-0.025134535
100	0.08290318	0.444788456	0.347994685
0	0.605576547	1.21971833	-0.376628173
0	0.090036197	0.785613405	0.115080975
0	-0.181354554	0.982184647	-0.011990601
0	0.152627902	0.442215508	-0.404257998
0	0.0260598	0.157100472	-0.156030761
0	0.555099353	0.603854116	-1.410604717
0	0.164891379	0.219044923	-0.303949447
0	0.112990901	0.534634154	-0.895668332
0	-0.133966674	0.313500602	0.164919343
0	0.134092017	0.324925948	0.0883424
0	0.112560596	0.494451752	-0.748165951
0	-0.080775282	-0.421541424	0.204131085
0	0.114281816	-0.18481864	-0.563175475
0	0.193219291	0.31152529	-0.344894575
0	-0.1050209	-0.561109379	0.387387535
0	0.231769533	1.139378866	-1.326686813
0	0.010668418	-0.060912927	-1.330697545
0	-0.495885327	1.634536053	2.708337852
0	-0.085249289	0.171999485	0.956613777
0	0.218981971	-0.498996576	0.677549167
0	0.202393454	0.743806445	0.303347376
0	0.080955813	-0.455304125	0.324796875
0	0.239989308	-0.920068407	0.133602049
0	-0.784201122	-1.154908461	0.732524716
0	0.567886914	-1.537770442	0.350159303
0	-0.13686843	1.021679592	0.513768443
0	0.038847361	-0.354524086	-0.56526674
0	0.196027268	0.761982675	0.453298474
0	0.305819294	1.087173482	-1.030046255
0	0.285280853	0.305063439	0.133690115
0	1.282715622	-0.607938794	-0.637921016
0	0.397638109	-0.736743521	-0.013043484
0	0.222071286	-0.354448316	0.124615767
0	-0.032394423	-0.181861317	-0.373714249
0	-0.386672573	-0.666547069	0.968871436
0	0.157719772	1.271584251	0.18167263
0	0.221116897	-0.446176744	0.611662679
-100	-0.020318503	0.162240848	-0.889321399
-100	0.688612914	-0.782933149	-0.077661367
-100	0.617222162	0.993638093	-0.719732942
-100	-0.02146045	-0.072214831	3.766809811
-100	-0.225355185	0.667600007	0.08041419
-100	0.587470967	-0.717388828	0.743469844
-100	0.111043534	-0.035458427	0.521133857
-100	0.087470967	-0.417388828	0.968469844
-100	-0.233348811	-0.773589746	-0.141667337
-100	0.316080215	0.559182414	-0.633601732
-100	-0.230071939	0.463685764	-0.098685036
-100	-0.653120422	0.22330139	0.099106421
-100	-0.688956466	-0.555458427	1.326133857
-100	-0.166900962	0.126561795	0.868097678
-100	0.216791857	1.593455691	0.042769438
-100	0.491796007	0.032978736	-0.147636916
-100	-0.09902983	0.665259891	-0.294394965
-100	-0.106780709	-0.03847471	0.075105425
-100	0.189848639	0.982886155	0.184165274
-100	-0.090192192	-0.051277731	-1.055692783
-100	0.276536994	0.832964686	-0.332054216
-100	0.19754433	0.451892854	-0.701001334
-100	0.748882134	-0.161878128	-0.257029552
-100	1.079532529	0.236149321	-0.837945466
-100	0.743696485	0.377389505	-0.74091803
-100	-0.080212608	-0.263359674	-0.743121812
-100	0.518981971	0.681003424	-1.167450833
-100	0.026677663	-0.979989876	0.44738256
-100	0.168935082	-0.374678388	1.051070242
-100	0.422071286	0.705551684	0.489615767
-100	-0.357445462	-0.087066174	0.33521318
-100	-0.479969861	0.684095478	0.883460106
-100	0.156296488	-0.466962304	1.228930289
-100	-0.032581981	0.785411433	0.32537005
-100	0.444838431	0.181845184	0.102950759
-100	-0.118950408	0.6860595	-0.207245275
-100	-0.03776763	-0.015320935	0.356481572
-100	-1.086711163	0.976817208	1.721579802
-100	-0.776356463	0.580189765	0.005982176
-100	-0.606874489	-0.369838335	0.637147575
-100	0.483388674	-0.04030124	-0.218841479
-200	0.054498088	0.889036642	-0.690643454
-200	0.222463	0.109098363	-1.745178247
-200	-0.223744343	0.158873811	0.614072232
-200	-0.418707661	0.353514652	-2.275663357
-200	-0.279351998	-0.10299487	-0.288126574
-200	-0.066994741	-0.74480183	0.310139828
-200	0.27511371	0.624418132	-0.184796557
-200	0.314469374	0.06790861	0.582740226
-200	-0.053495538	-0.952153111	0.172275019
-200	0.638714992	-0.472523435	-1.520516224
-200	0.314000478	1.211090485	-1.637049027
-200	-0.594517232	0.898354705	0.785413976
-200	0.21051945	1.032995546	-0.559321613
-200	-0.423032701	-0.046852912	1.350443403
-200	-0.535914042	1.413408021	-0.778278468
-200	-0.067761572	0.436196992	-0.90189756
-200	-0.196707346	0.140806972	0.250634248
-200	-0.081878638	0.300638621	-0.317446071
-200	-0.074558063	-0.87580918	0.105555919
-200	-0.312865559	1.133792395	-0.401069925
-200	0.339652782	0.151112816	-0.575937719
-200	-0.353550727	0.433118988	-0.243391198
-200	-0.640145302	-0.355595918	0.135786142
-200	0.061184202	0.051587011	-0.814429367
-200	-0.403691395	0.33607355	-0.637827974
-200	0.20525662	-0.251008268	-0.937793358
-200	-0.058962525	1.283023646	1.229512988
-200	-0.145088205	0.311126866	0.223479581
-200	-0.2662831	0.329471447	0.721510998
-200	-0.581635891	0.838093772	0.314135847
-200	0.101063949	0.356623516	0.333562885
-200	-0.347035573	0.961034285	-0.804718229
-200	-0.023650564	-1.379762564	1.312030083
-200	0.11651052	0.979364816	-0.231104113
-200	-0.031252476	0.272594362	0.415154541
-200	0.618457888	0.809457397	-1.332906302
-200	0.389605893	0.795431003	-0.202416644
-200	0.491983565	-0.344294014	-0.006721215
-200	-0.001032386	0.070439408	0.241741007
-200	0.808572082	1.912902965	-0.647519423
-200	-0.478210051	0.721460809	0.505742216
-200	-0.281972417	0.429274995	-0.230403921
-200	0.451634923	0.493851356	-0.48450272
-200	0.411043534	-0.175458427	-0.068866143
-350	-0.152932864	-0.62397136	-0.109977878
-350	-0.436438125	-0.028138006	-0.393733938
-350	-0.204833342	0.121617871	-0.481696764
-350	-0.378546577	-0.347357968	0.231202447
-350	-0.288244824	0.59881485	-0.887494973
-350	-0.574315316	-0.888354029	0.137137837
-350	-0.193281506	2.114174009	-1.507759384
-350	-0.356435885	0.169390156	-0.431167514
-350	0.489997607	1.648977682	-1.437210659
-350	-0.634772095	-0.1321363	1.095590322
-350	-0.299553914	0.513713864	-0.544850435
-350	0.456577825	0.637128572	-0.617196159
-350	0.518419297	0.252821674	-0.915197936
-350	-0.197418988	0.776533695	-0.925736923
-350	-0.350500003	1.821031524	-1.708616232
-350	-0.357539241	0.781570201	-0.40274467
-350	-0.346362521	1.108671838	-1.295638692
-350	0.285523599	0.262518591	-0.034727967
-350	0.014226627	0.840453458	0.236158308
-350	0.067980693	2.253593183	-1.126882847
-500	0.010425671	0.281631921	NA
-500	0.159948477	-0.254232293	NA
-500	0.206999831	0.458264884	NA
-500	-0.1352024	-1.062318702	NA
-500	0.166744968	0.057773879	NA
-500	0.424206211	0.408371516	NA
-500	0.219655023	1.728640978	NA
-500	-0.624080869	0.010055034	NA
-500	0.552964427	0.191034285	NA
-500	-0.09902983	0.735259891	NA
-500	-0.2653839	0.636471975	NA
-500	0.707430136	-0.321552714	NA
-500	-0.10159506	-0.027742342	NA
-500	0.010425671	0.381631921	NA
-500	0.443845453	0.693481031	NA
-500	0.133099038	-1.073438205	NA
-500	0.392993142	1.052162317	NA
-500	0.400352307	-0.397649761	-0.207808285
-500	0.407391545	0.941811563	-1.613679847
-500	0.435625678	0.362928305	-1.037582825
-500	0.429298082	-0.512259742	-0.355340093
-500	0.820085328	1.88882338	-1.725873677
-500	-0.272555507	0.029011302	0.154419947
-650	0.461239391	0.546314913	-0.84876315
-650	0.388237797	1.631612351	-1.224492769
-650	0.733865868	1.575562974	-1.019864934
-650	0.199883412	0.215532114	-0.742597538
-650	0.230682775	0.089651089	-0.704889385
-650	0.060902865	0.057496136	0.126697081
-650	0.166800156	-0.027498219	0.80695673
-650	-0.191334139	0.62426659	-0.104561573
-650	0.08629043	1.05151977	-0.182690579
-650	0.099022803	1.79516731	-0.957592776
-650	0.007485324	0.793175188	NA
-650	0.531245449	0.517832839	-0.162142282
-650	-0.151548171	0.22793947	0.255472829
-650	0.018082772	1.414002897	0.535262296
-650	0.350923281	1.439578079	0.234126109
-650	0.706961241	0.261629161	-0.821177466
-650	0.422931895	1.065916488	-1.585388994
-650	0.555866183	-0.737144705	-0.01356733
-650	-0.003878953	0.9233463	0.016256325
-650	0.836094573	0.66974643	-0.327793572
-650	0.007430136	0.718447286	0.213611787
-650	0.718082772	0.514002897	-0.749737704
-650	-0.171132223	-0.222442144	1.117162288
-650	0.085953904	-0.537299007	0.592769652
-650	0.304920094	1.210172955	-0.887333127
-650	0.505444178	0.241718982	-1.391877657
-650	0.303011317	-0.373283903	-0.273239304
